BSPLINE
113
4
1.0 1.0
-1.0 1.0
-1.0 -1.0
1.0 -1.0
0.05
1.57 0.0 0.0 1.0
0.0 0.0 0.3
1.0 1.0
-1.0 1.0
-1.0 -1.0
1.0 -1.0
0.05
1.61 0.19 0.19 0.96
0.077 0.025 0.290
1.0 1.0
-1.0 1.0
-1.0 -1.0
1.0 -1.0
0.05
1.72 0.86 0.36 0.36
0.212 0.05 0.212
1.0 1.0
-1.0 1.0
-1.0 -1.0
1.0 -1.0
0.05
1.88 0.48 0.48 0.72
0.29 0.075 0.077
1.0 1.0
-1.0 1.0
-1.0 -1.0
1.0 -1.0
0.05
1.57 1.0 0.0 0.0
0.3 0.1 0.0
1.0 1.0
-1.0 1.0
-1.0 -1.0
1.0 -1.0
0.05
2.33 0.63 0.63 0.42
0.277 0.125 -0.1148
1.0 1.0
-1.0 1.0
-1.0 -1.0
1.0 -1.0
0.05
2.593 0.68 0.68 0.28
0.212 0.15 -0.212
1.0 1.0
-1.0 1.0
-1.0 -1.0
1.0 -1.0
0.05
2.86 0.70 0.70 0.14
0.114 0.175 -0.277
1.0 1.0
-1.0 1.0
-1.0 -1.0
1.0 -1.0
0.05
3.14 0.7 0.7 0.0
0.0 0.2 -0.3
1.0 1.0
-1.0 1.0
-1.0 -1.0
1.0 -1.0
0.05
3.41 0.7 0.7 -0.14
-0.114 0.225 -0.277
1.0 1.0
-1.0 1.0
-1.0 -1.0
1.0 -1.0
0.05
3.69 0.67 0.67 -0.28
-0.212 0.25 -0.212
1.0 1.0
-1.0 1.0
-1.0 -1.0
1.0 -1.0
0.05
3.949 0.63 0.63 -0.42
-0.277 0.275 -0.114
1.0 1.0
-1.0 1.0
-1.0 -1.0
1.0 -1.0
0.05
4.19 0.57 0.57 -0.57
-0.3 0.3 -0.0
1.0 1.0
-1.0 1.0
-1.0 -1.0
1.0 -1.0
0.05
4.40 0.48 0.48 -0.72
-0.277 0.325 0.114
1.0 1.0
-1.0 1.0
-1.0 -1.0
1.0 -1.0
0.05
4.56 0.35 0.35 -0.86
-0.212 0.35 0.212
1.0 1.0
-1.0 1.0
-1.0 -1.0
1.0 -1.0
0.05
4.67 0.19 0.19 -0.96
-0.114 0.375 0.277
1.0 1.0
-1.0 1.0
-1.0 -1.0
1.0 -1.0
0.05
4.71 0.0 0.0 -1.0
0.0 0.40 0.3
1.0 1.0
-1.0 1.0
-1.0 -1.0
1.0 -1.0
0.05
1.57 0.0 0.0 1.0
0.0 0.4 0.3
1.0 1.0
-1.0 1.0
-1.0 -1.0
1.0 -1.0
0.05
1.61 0.19 0.19 0.96
0.077 0.425 0.290
1.0 1.0
-1.0 1.0
-1.0 -1.0
1.0 -1.0
0.05
1.72 0.86 0.36 0.36
0.212 0.45 0.212
1.0 1.0
-1.0 1.0
-1.0 -1.0
1.0 -1.0
0.05
1.88 0.48 0.48 0.72
0.29 0.475 0.077
1.0 1.0
-1.0 1.0
-1.0 -1.0
1.0 -1.0
0.05
1.57 1.0 0.0 0.0
0.3 0.5 0.0
1.0 1.0
-1.0 1.0
-1.0 -1.0
1.0 -1.0
0.05
2.33 0.63 0.63 0.42
0.277 0.525 -0.1148
1.0 1.0
-1.0 1.0
-1.0 -1.0
1.0 -1.0
0.05
2.593 0.68 0.68 0.28
0.212 0.55 -0.212
1.0 1.0
-1.0 1.0
-1.0 -1.0
1.0 -1.0
0.05
2.86 0.70 0.70 0.14
0.114 0.575 -0.277
1.0 1.0
-1.0 1.0
-1.0 -1.0
1.0 -1.0
0.05
3.14 0.7 0.7 0.0
0.0 0.6 -0.3
1.0 1.0
-1.0 1.0
-1.0 -1.0
1.0 -1.0
0.05
3.41 0.7 0.7 -0.14
-0.114 0.625 -0.277
1.0 1.0
-1.0 1.0
-1.0 -1.0
1.0 -1.0
0.05
3.69 0.67 0.67 -0.28
-0.212 0.65 -0.212
1.0 1.0
-1.0 1.0
-1.0 -1.0
1.0 -1.0
0.05
3.949 0.63 0.63 -0.42
-0.277 0.675 -0.114
1.0 1.0
-1.0 1.0
-1.0 -1.0
1.0 -1.0
0.05
4.19 0.57 0.57 -0.57
-0.3 0.7 -0.0
1.0 1.0
-1.0 1.0
-1.0 -1.0
1.0 -1.0
0.05
4.40 0.48 0.48 -0.72
-0.277 0.725 0.114
1.0 1.0
-1.0 1.0
-1.0 -1.0
1.0 -1.0
0.05
4.56 0.35 0.35 -0.86
-0.212 0.75 0.212
1.0 1.0
-1.0 1.0
-1.0 -1.0
1.0 -1.0
0.05
4.67 0.19 0.19 -0.96
-0.114 0.775 0.277
1.0 1.0
-1.0 1.0
-1.0 -1.0
1.0 -1.0
0.05
4.71 0.0 0.0 -1.0
0.0 0.80 0.3
1.0 1.0
-1.0 1.0
-1.0 -1.0
1.0 -1.0
0.05
1.57 0.0 0.0 1.0
0.0 0.80 0.3
1.0 1.0
-1.0 1.0
-1.0 -1.0
1.0 -1.0
0.05
1.61 0.19 0.19 0.96
0.077 0.825 0.290
1.0 1.0
-1.0 1.0
-1.0 -1.0
1.0 -1.0
0.05
1.72 0.86 0.36 0.36
0.212 0.85 0.212
1.0 1.0
-1.0 1.0
-1.0 -1.0
1.0 -1.0
0.05
1.88 0.48 0.48 0.72
0.29 0.875 0.077
1.0 1.0
-1.0 1.0
-1.0 -1.0
1.0 -1.0
0.05
1.57 1.0 0.0 0.0
0.3 0.9 0.0
1.0 1.0
-1.0 1.0
-1.0 -1.0
1.0 -1.0
0.05
2.33 0.63 0.63 0.42
0.277 0.925 -0.1148
1.0 1.0
-1.0 1.0
-1.0 -1.0
1.0 -1.0
0.05
2.593 0.68 0.68 0.28
0.212 0.95 -0.212
1.0 1.0
-1.0 1.0
-1.0 -1.0
1.0 -1.0
0.05
2.86 0.70 0.70 0.14
0.114 0.975 -0.277
1.0 1.0
-1.0 1.0
-1.0 -1.0
1.0 -1.0
0.05
3.14 0.7 0.7 0.0
0.0 1.0 -0.3
1.0 1.0
-1.0 1.0
-1.0 -1.0
1.0 -1.0
0.05
3.41 0.7 0.7 -0.14
-0.114 1.025 -0.277
1.0 1.0
-1.0 1.0
-1.0 -1.0
1.0 -1.0
0.05
3.69 0.67 0.67 -0.28
-0.212 1.05 -0.212
1.0 1.0
-1.0 1.0
-1.0 -1.0
1.0 -1.0
0.05
3.949 0.63 0.63 -0.42
-0.277 1.075 -0.114
1.0 1.0
-1.0 1.0
-1.0 -1.0
1.0 -1.0
0.05
4.19 0.57 0.57 -0.57
-0.3 1.1 -0.0
1.0 1.0
-1.0 1.0
-1.0 -1.0
1.0 -1.0
0.05
4.40 0.48 0.48 -0.72
-0.277 1.125 0.114
1.0 1.0
-1.0 1.0
-1.0 -1.0
1.0 -1.0
0.05
4.56 0.35 0.35 -0.86
-0.212 1.15 0.212
1.0 1.0
-1.0 1.0
-1.0 -1.0
1.0 -1.0
0.05
4.67 0.19 0.19 -0.96
-0.114 1.175 0.277
1.0 1.0
-1.0 1.0
-1.0 -1.0
1.0 -1.0
0.05
4.71 0.0 0.0 -1.0
0.0 1.20 0.3
1.0 1.0
-1.0 1.0
-1.0 -1.0
1.0 -1.0
0.05
1.57 0.0 0.0 1.0
0.0 1.2 0.3
1.0 1.0
-1.0 1.0
-1.0 -1.0
1.0 -1.0
0.05
1.61 0.19 0.19 0.96
0.077 1.225 0.290
1.0 1.0
-1.0 1.0
-1.0 -1.0
1.0 -1.0
0.05
1.72 0.86 0.36 0.36
0.212 1.25 0.212
1.0 1.0
-1.0 1.0
-1.0 -1.0
1.0 -1.0
0.05
1.88 0.48 0.48 0.72
0.29 1.275 0.077
1.0 1.0
-1.0 1.0
-1.0 -1.0
1.0 -1.0
0.05
1.57 1.0 0.0 0.0
0.3 1.3 0.0
1.0 1.0
-1.0 1.0
-1.0 -1.0
1.0 -1.0
0.05
2.33 0.63 0.63 0.42
0.277 1.325 -0.1148
1.0 1.0
-1.0 1.0
-1.0 -1.0
1.0 -1.0
0.05
2.593 0.68 0.68 0.28
0.212 1.35 -0.212
1.0 1.0
-1.0 1.0
-1.0 -1.0
1.0 -1.0
0.05
2.86 0.70 0.70 0.14
0.114 1.375 -0.277
1.0 1.0
-1.0 1.0
-1.0 -1.0
1.0 -1.0
0.05
3.14 0.7 0.7 0.0
0.0 1.4 -0.3
1.0 1.0
-1.0 1.0
-1.0 -1.0
1.0 -1.0
0.05
3.41 0.7 0.7 -0.14
-0.114 1.425 -0.277
1.0 1.0
-1.0 1.0
-1.0 -1.0
1.0 -1.0
0.05
3.69 0.67 0.67 -0.28
-0.212 1.45 -0.212
1.0 1.0
-1.0 1.0
-1.0 -1.0
1.0 -1.0
0.05
3.949 0.63 0.63 -0.42
-0.277 1.475 -0.114
1.0 1.0
-1.0 1.0
-1.0 -1.0
1.0 -1.0
0.05
4.19 0.57 0.57 -0.57
-0.3 1.5 -0.0
1.0 1.0
-1.0 1.0
-1.0 -1.0
1.0 -1.0
0.05
4.40 0.48 0.48 -0.72
-0.277 1.525 0.114
1.0 1.0
-1.0 1.0
-1.0 -1.0
1.0 -1.0
0.05
4.56 0.35 0.35 -0.86
-0.212 1.55 0.212
1.0 1.0
-1.0 1.0
-1.0 -1.0
1.0 -1.0
0.05
4.67 0.19 0.19 -0.96
-0.114 1.575 0.277
1.0 1.0
-1.0 1.0
-1.0 -1.0
1.0 -1.0
0.05
4.71 0.0 0.0 -1.0
0.0 1.60 0.3
1.0 1.0
-1.0 1.0
-1.0 -1.0
1.0 -1.0
0.05
1.57 0.0 0.0 1.0
0.0 1.6 0.3
1.0 1.0
-1.0 1.0
-1.0 -1.0
1.0 -1.0
0.05
1.61 0.19 0.19 0.96
0.077 1.625 0.290
1.0 1.0
-1.0 1.0
-1.0 -1.0
1.0 -1.0
0.05
1.72 0.86 0.36 0.36
0.212 1.65 0.212
1.0 1.0
-1.0 1.0
-1.0 -1.0
1.0 -1.0
0.05
1.88 0.48 0.48 0.72
0.29 1.675 0.077
1.0 1.0
-1.0 1.0
-1.0 -1.0
1.0 -1.0
0.05
1.57 1.0 0.0 0.0
0.3 1.7 0.0
1.0 1.0
-1.0 1.0
-1.0 -1.0
1.0 -1.0
0.05
2.33 0.63 0.63 0.42
0.277 1.725 -0.1148
1.0 1.0
-1.0 1.0
-1.0 -1.0
1.0 -1.0
0.05
2.593 0.68 0.68 0.28
0.212 1.75 -0.212
1.0 1.0
-1.0 1.0
-1.0 -1.0
1.0 -1.0
0.05
2.86 0.70 0.70 0.14
0.114 1.775 -0.277
1.0 1.0
-1.0 1.0
-1.0 -1.0
1.0 -1.0
0.05
3.14 0.7 0.7 0.0
0.0 1.8 -0.3
1.0 1.0
-1.0 1.0
-1.0 -1.0
1.0 -1.0
0.05
3.41 0.7 0.7 -0.14
-0.114 1.825 -0.277
1.0 1.0
-1.0 1.0
-1.0 -1.0
1.0 -1.0
0.05
3.69 0.67 0.67 -0.28
-0.212 1.85 -0.212
1.0 1.0
-1.0 1.0
-1.0 -1.0
1.0 -1.0
0.05
3.949 0.63 0.63 -0.42
-0.277 1.875 -0.114
1.0 1.0
-1.0 1.0
-1.0 -1.0
1.0 -1.0
0.05
4.19 0.57 0.57 -0.57
-0.3 1.9 -0.0
1.0 1.0
-1.0 1.0
-1.0 -1.0
1.0 -1.0
0.05
4.40 0.48 0.48 -0.72
-0.277 1.925 0.114
1.0 1.0
-1.0 1.0
-1.0 -1.0
1.0 -1.0
0.05
4.56 0.35 0.35 -0.86
-0.212 1.95 0.212
1.0 1.0
-1.0 1.0
-1.0 -1.0
1.0 -1.0
0.05
4.67 0.19 0.19 -0.96
-0.114 1.975 0.277
1.0 1.0
-1.0 1.0
-1.0 -1.0
1.0 -1.0
0.05
4.71 0.0 0.0 -1.0
0.0 2.00 0.3
1.0 1.0
-1.0 1.0
-1.0 -1.0
1.0 -1.0
0.05
1.57 0.0 0.0 1.0
0.0 2.0 0.3
1.0 1.0
-1.0 1.0
-1.0 -1.0
1.0 -1.0
0.05
1.61 0.19 0.19 0.96
0.077 2.025 0.290
1.0 1.0
-1.0 1.0
-1.0 -1.0
1.0 -1.0
0.05
1.72 0.86 0.36 0.36
0.212 2.05 0.212
1.0 1.0
-1.0 1.0
-1.0 -1.0
1.0 -1.0
0.05
1.88 0.48 0.48 0.72
0.29 2.075 0.077
1.0 1.0
-1.0 1.0
-1.0 -1.0
1.0 -1.0
0.05
1.57 1.0 0.0 0.0
0.3 2.1 0.0
1.0 1.0
-1.0 1.0
-1.0 -1.0
1.0 -1.0
0.05
2.33 0.63 0.63 0.42
0.277 2.125 -0.1148
1.0 1.0
-1.0 1.0
-1.0 -1.0
1.0 -1.0
0.05
2.593 0.68 0.68 0.28
0.212 2.15 -0.212
1.0 1.0
-1.0 1.0
-1.0 -1.0
1.0 -1.0
0.05
2.86 0.70 0.70 0.14
0.114 2.175 -0.277
1.0 1.0
-1.0 1.0
-1.0 -1.0
1.0 -1.0
0.05
3.14 0.7 0.7 0.0
0.0 2.2 -0.3
1.0 1.0
-1.0 1.0
-1.0 -1.0
1.0 -1.0
0.05
3.41 0.7 0.7 -0.14
-0.114 2.225 -0.277
1.0 1.0
-1.0 1.0
-1.0 -1.0
1.0 -1.0
0.05
3.69 0.67 0.67 -0.28
-0.212 2.25 -0.212
1.0 1.0
-1.0 1.0
-1.0 -1.0
1.0 -1.0
0.05
3.949 0.63 0.63 -0.42
-0.277 2.275 -0.114
1.0 1.0
-1.0 1.0
-1.0 -1.0
1.0 -1.0
0.05
4.19 0.57 0.57 -0.57
-0.3 2.3 -0.0
1.0 1.0
-1.0 1.0
-1.0 -1.0
1.0 -1.0
0.05
4.40 0.48 0.48 -0.72
-0.277 2.325 0.114
1.0 1.0
-1.0 1.0
-1.0 -1.0
1.0 -1.0
0.05
4.56 0.35 0.35 -0.86
-0.212 2.35 0.212
1.0 1.0
-1.0 1.0
-1.0 -1.0
1.0 -1.0
0.05
4.67 0.19 0.19 -0.96
-0.114 2.375 0.277
1.0 1.0
-1.0 1.0
-1.0 -1.0
1.0 -1.0
0.05
4.71 0.0 0.0 -1.0
0.0 2.40 0.3
1.0 1.0
-1.0 1.0
-1.0 -1.0
1.0 -1.0
0.05
4.71 0.0 0.0 -1.0
0.0 2.40 0.0
1.0 1.0
-1.0 1.0
-1.0 -1.0
1.0 -1.0
0.05
0.0 0.0 0.0 0.0
0.0 2.40 0.0
1.0 1.0
-1.0 1.0
-1.0 -1.0
1.0 -1.0
0.05
0.0 0.0 0.0 0.0
0.0 2.55 0.0
1.0 1.0
-1.0 1.0
-1.0 -1.0
1.0 -1.0
0.75
0.0 0.0 0.0 0.0
0.0 2.55 0.0
1.0 1.0
-1.0 1.0
-1.0 -1.0
1.0 -1.0
0.75
0.0 0.0 0.0 0.0
0.0 2.7 0.0
1.0 1.0
-1.0 1.0
-1.0 -1.0
1.0 -1.0
0.01
0.0 0.0 0.0 0.0
0.0 2.7 0.0
1.0 1.0
-1.0 1.0
-1.0 -1.0
1.0 -1.0
0.01
0.0 0.0 0.0 0.0
0.0 2.55 0.0
1.0 1.0
-1.0 1.0
-1.0 -1.0
1.0 -1.0
0.25
0.0 0.0 0.0 0.0
0.0 2.4 0.0
1.0 1.0
-1.0 1.0
-1.0 -1.0
1.0 -1.0
0.25
0.0 0.0 0.0 0.0
0.0 0.0 0.0
1.0 1.0
-1.0 1.0
-1.0 -1.0
1.0 -1.0
0.01
0.0 0.0 0.0 0.0
0.0 -0.25 0.0
1.0 1.0
-1.0 1.0
-1.0 -1.0
1.0 -1.0
0.01
0.0 0.0 0.0 0.0
0.0 -0.25 0.0
