BSPLINE
20
4
1.0 1.0
-1.0 1.0
-1.0 -1.0
1.0 -1.0
0.01
0.0 0.0 0.0 0.0
0.0 -0.25 0.0
1.0 1.0
-1.0 1.0
-1.0 -1.0
1.0 -1.0
0.01
0.0 0.0 0.0 0.0
0.0 -0.25 0.0
1.0 1.0
-1.0 1.0
-1.0 -1.0
1.0 -1.0
0.25
0.0 0.0 0.0 0.0
0.0 0.0 0.0
1.0 1.0
-1.0 1.0
-1.0 -1.0
1.0 -1.0
0.25
0.0 0.0 0.0 0.0
0.0 0.2 0.0
1.0 1.0
-1.0 1.0
-1.0 -1.0
1.0 -1.0
0.4
0.0 0.0 0.0 0.0
0.0 0.3 0.0
1.0 1.0
-1.0 1.0
-1.0 -1.0
1.0 -1.0
0.25
0.0 0.0 0.0 0.0
0.0 0.45 0.0
1.0 1.0
-1.0 1.0
-1.0 -1.0
1.0 -1.0
0.4
0.0 0.0 0.0 0.0
0.0 0.6 0.0
1.0 1.0
-1.0 1.0
-1.0 -1.0
1.0 -1.0
0.25
0.0 0.0 0.0 0.0
0.0 0.8 0.0
1.0 1.0
-1.0 1.0
-1.0 -1.0
1.0 -1.0
0.4
0.0 0.0 0.0 0.0
0.0 1.0 0.0
1.0 1.0
-1.0 1.0
-1.0 -1.0
1.0 -1.0
0.25
0.0 0.0 0.0 0.0
0.0 1.2 0.0
1.0 1.0
-1.0 1.0
-1.0 -1.0
1.0 -1.0
0.4
0.0 0.0 0.0 0.0
0.0 1.4 0.0
1.0 1.0
-1.0 1.0
-1.0 -1.0
1.0 -1.0
0.25
0.0 0.0 0.0 0.0
0.0 1.6 0.0
1.0 1.0
-1.0 1.0
-1.0 -1.0
1.0 -1.0
0.4
0.0 0.0 0.0 0.0
0.0 1.8 0.0
1.0 1.0
-1.0 1.0
-1.0 -1.0
1.0 -1.0
0.25
0.0 0.0 0.0 0.0
0.0 2.0 0.0
1.0 1.0
-1.0 1.0
-1.0 -1.0
1.0 -1.0
0.4
0.0 0.0 0.0 0.0
0.0 2.2 0.0
1.0 1.0
-1.0 1.0
-1.0 -1.0
1.0 -1.0
0.25
0.0 0.0 0.0 0.0
0.0 2.4 0.0
1.0 1.0
-1.0 1.0
-1.0 -1.0
1.0 -1.0
0.75
0.0 0.0 0.0 0.0
0.0 2.55 0.0
1.0 1.0
-1.0 1.0
-1.0 -1.0
1.0 -1.0
0.75
0.0 0.0 0.0 0.0
0.0 2.7 0.0
1.0 1.0
-1.0 1.0
-1.0 -1.0
1.0 -1.0
0.01
0.0 0.0 0.0 0.0
0.0 2.75 0.0
1.0 1.0
-1.0 1.0
-1.0 -1.0
1.0 -1.0
0.01
0.0 0.0 0.0 0.0
0.0 2.75 0.0
